3.657792419738818
-0.6349962963277438
-5.071614943274049
-8.506472534369173
-3.0530355195616536
1.7762374759503117
5.6256293618724875
-0.1383135588779023
4.923246798679239
-3.6740983180068465
-1.9261013266226987
8.864190815325241
-8.41473132530465
-1.5189536139050972
-4.079556827726382
-9.416372601333132
-2.224672169850461
6.443764712122899
3.7910346062378117
-2.1461599644890184
1.1300345526822202
-0.9401236403647655
6.358832260462936
8.379842097434743
-2.4868621222206126
1.386081322148149
7.6359578432243715
8.167440068754225
-9.399316326819747
9.946148062070037
-4.747216192228903
2.1013163177817784
3.4972884419233132
-0.7006241320670036
7.1219905010437525
7.498591467368328
-9.655652290947332
2.789667788642877
-1.9837471443725931
6.322000834089565
6.838020379640682
-5.757859134286286
-9.16361927789443
3.5245224043342294
-3.5931306396183498
-8.489471081453253
-9.70098220494376
2.4375723756639935
3.5060716718317906
0.663451376819728
-1.5342445584742144
3.9491769702409627
-2.93287069728279
-1.2927513794879495
-1.9159623712301865
3.1492973892809957
-4.400938634796807
-7.570523551113327
5.031727460363273
-3.2962274800919626
-9.230921798099544
-5.219027294094736
-8.721029402037283
5.158627595037705
8.497766224580381
4.071141750351291
9.227830453464012
-2.5857990069803405
5.662597686218113
-1.8648845488380932
2.279616172534231
-0.5604145976720547
-3.3533353805708854
3.456180957508842
8.870569889467857
-3.755343639835969
-3.849649103551249
9.809817379137364
-4.010343897933795
-5.989494856824931
-4.306876266931299
-7.166939915021655
-6.672375467140403
1.2268516447136673
-3.813389539147445
0.9105918445127141
2.78106910729716
8.223943328948327
3.719604171403706
-1.447562888980537
6.103444052929554
0.18421139723022506
-4.623564936382616
-3.8094650808227843
-9.120403749475066
4.102492379672913
-0.6967429834239436
-4.411123527676324
-2.592710342263187
8.360405904050413
7.2955660784717224
2.145475234177521
-0.3403739487510933
3.417694055595639
9.137287849398906
-2.4301789262237383
9.874929226565712
-6.138388930414478
5.753825286679783
-7.002380297716938
0.33288160089047736
5.668735641107993
2.9484641270786973
8.195520805855327
6.931314202222566
-1.9781428752526953
9.073583182106159
-7.186197623090842
-4.484717531806799
6.3922842574934045
-1.535275560936826
-4.894850949973783
-2.1500066201868373
-7.199144385537625
-2.35906699590603
-2.5424866655877683
-5.843648420799354
0.4079628720468502
4.03017445840849
-8.281475470277256
-2.1064030224290935
2.3236661775601135
-5.036055462269995
4.167745427743107
3.3155483570752686
-0.2983430828092182
-7.986885501470063
-1.8355705515438014
8.243694952009697
0.6715873565898818
7.472375073831802
2.690372663018959
3.2699023289699056
0.40133007909676977
0.05602421982199779
-2.9417458087714916
4.2460331940515434
3.0336420405607925
3.293207544916692
6.007853313390769
-2.5626841807718677
-1.39057587875776
3.587329404994989
5.003519810221256
6.110816639121644
-7.671967609571682
-4.771536137774069
3.956338432380676
-6.404805921008824
-0.39160615682798827
6.900811023302312
5.676651188807346
-8.969770678412479
8.402943045959656
-1.786706517275814
8.624074871264028
-2.117828178791168
-9.920300045172379
5.794827641730446
-4.645621081167233
-9.302435797603572
-8.073936261488175
-3.5946015322978457
3.9510115607608474
8.175838469297872
7.941206164685038
-0.8944385675547961
-3.2568582578660177
3.212341931758804
0.07220578701764069
0.16804466641188576
-1.0417316409201511
-2.1270690632790057
9.41236080770176
-7.398535915060767
1.969867144203592
-6.64421383967438
-3.869059006234014
-1.6506997563730008
6.9617848785239005
7.437188169954395
-2.0834619508380037
1.9818994647535497
-9.406498198041852
0.2181981366589467
0.054206044569646936
-4.365450876066408
0.07035463799877206
4.208058054693261
4.429909006642966
