2.563549779053453
8.14053195963518
-3.5558508847547277
4.426993673215446
5.080448152499969
-5.569757068380867
8.572954259749903
-2.1118379326504506
-0.23431206323910408
-6.019829048918672
9.994008461727947
-2.690886929471647
-9.93257402060384
-1.6575291611054777
5.353873321401871
5.031647900227437
-2.470076473532337
4.613230022419313
6.749548684813842
9.050864722236554
-4.361727456119868
6.204000091724431
7.691553960091124
-6.1667422286354
9.480193321738405
-6.030525339192523
7.556597988488041
-8.484155298264113
1.606382224388824
-4.849093844983607
-6.144188540931597
3.7420623873416936
-9.44100525903178
-9.757496606562238
1.9257292307851888
-6.84029995109547
8.01103999867632
-2.6036382783644996
1.380026248367427
-0.7493287474936317
-9.541141111567164
0.7416265530196573
-4.85404384347579
-4.31805159431174
3.8346568110997588
2.341744081295845
-9.610261751683835
-4.248277225103266
-6.104445330816412
-1.9445900356096701
-0.12279447872892213
8.852848684516779
0.9553835285066334
-5.734859645330328
-9.077281915883757
-6.254526508207567
-4.292762201014082
-2.5349809372565035
1.3243233652444193
4.999693922024807
3.1105817868916623
-1.6783817379584498
4.127182743648817
5.17683377454915
2.116964591301496
1.0440544304581945
8.905951286055952
-0.3630953023853607
4.054883990283855
-7.410361485009229
-6.017550802372533
1.2296108176850922
-3.961179606812837
8.302004883000357
-7.070396270658914
9.72429650450804
-4.674515687902634
8.897985590137488
9.79218734994166
-4.781051541174826
7.950873700559018
-0.931271996651212
9.5882280716806
6.037893045324925
7.138918172410438
-9.832406281506074
5.815284804806801
-0.22763258253218233
-0.2657443437021424
-1.460593826909971
2.706143107319461
1.1280295748528544
-6.8717895668007305
-2.997364240252174
8.413469472023088
2.2151068039435167
-6.536137245439226
-0.17183845014941745
-4.520456250353777
-0.5834256230744543
-7.502810350038962
1.265256712402687
6.983199393486455
7.183805970626815
2.4524060790961713
4.24750125682271
-9.314869181367087
0.7152741634742021
-9.727654068886512
9.36832772474057
9.293523950076406
0.24393053355997196
6.238414103796629
4.547969729683851
2.6373708752130693
-6.0131206305404294
-0.79851773552122
3.020585817243127
7.168513322524884
-7.877777530063597
-2.7858111551626403
1.3516183771426893
9.349121241402734
2.4961487134401317
-6.181120272046949
-9.841449768390557
3.3623159763764736
6.493711802572779
-9.469577996792154
8.018989414670504
-1.9658416198218163
7.037465293828795
-9.438037107998309
3.799571825321223
-4.487116944492678
1.3525049469894022
-5.59495322075056
4.168037406935701
2.6736125814183893
-1.3440025621522178
-5.9664012445996795
-8.4509533922107
-2.152921233560905
-2.7044155260777476
3.570717103540524
3.1059443229201413
-3.3569468631976402
-2.6573973716541874
-6.1757087673684286
3.5056849620417
7.056520396152017
-7.890263084354604
1.872210639609694
3.3816241786819905
8.97717920569821
-1.730271524397427
1.5155142653711646
-8.729368520205742
2.2702400264740046
5.029194272012681
7.184320111101968
-0.29076213741345924
-2.4410357608848816
-8.145330554438292
2.4946484656351853
-4.137976445789131
-4.083169761769751
0.6187447902817524
-4.857452153332924
-6.512355783510021
-2.397010606025165
9.35942692339895
2.1852022009478738
7.084713715682081
-4.245868656719476
5.308064284779984
3.9969821681903106
8.16728744233638
8.792341625717256
-9.581398221100235
-8.698309332497463
2.4998663912401997
4.261871981024189
-3.8749356177511007
7.670521957956648
-0.2998740242578215
9.428450135597867
-6.060358536496242
-0.2614513420434239
-1.760829181475323
5.781856910129189
5.432657720722929
9.141085726104706
-2.8125166913436583
-9.046759712041316
-1.1287139787552132
-6.297550473248002
9.469618952291821
-1.9880755272830104
-9.32432567136706
