-8.557378359352413
-5.6532269114249445
5.234167471601619
-0.7746919166417658
5.347926729656363
7.6460266399436065
4.270553316194967
7.680729885527825
8.704106768711236
8.887497693892978
-8.759778499377909
-2.24716935381762
-7.770134829851094
-4.725539201157911
7.087957050375792
-0.5716827963341663
1.5498010603508234
-7.944317674613119
-8.91523139197976
1.995912639622352
3.7080514687117576
-7.801898671803135
3.1178943652988256
5.474652685055126
1.978487587308182
-2.8293545430281064
5.275110853168172
7.590287239037082
8.51154330497524
4.429906755089544
-7.675219162274331
-2.3359854182523883
3.711186595471556
4.56938481386338
-0.8641849474163728
-0.14033767873599245
-5.94990110176674
0.31688834045270653
8.52813814311666
0.7706551564668587
-7.9005538175097385
0.6972121763269072
-5.149067396668734
-9.096162468332297
0.7561682392067226
-3.3499073901443177
8.468658461236679
6.162628724711883
8.265273948848225
9.264425524563613
-8.708985069850462
-6.716782457933039
-7.194323414551973
-1.4741952522771449
-2.8842723566423167
4.287826312045272
-5.908418426708071
9.088011519367655
9.859736802288083
5.839654941374171
-4.903274445192678
-9.932655945975746
9.430579769661119
-5.631513028206743
9.528301864601385
-1.7780181804435564
8.57038119152467
-6.954600317766109
-9.928071914579903
-1.883164448017423
-6.0391615225167605
-5.434800895394032
-1.3014437777939207
8.987643085867308
-7.447411457183901
3.2071280462867158
-6.531256983645024
-3.9936786537557634
8.06828877935382
1.0731484148203752
6.289245446258857
3.5128985095066625
-6.873626101177002
-3.2961330239089097
-7.028582532944037
-0.48240164674406216
0.8107414279581245
9.447955585269
-9.289561001550918
4.404709984169355
-5.9791115287584
0.011710525965373364
-1.2510847166428203
-7.859853549670783
2.683406289639729
-3.4588417400540923
5.507937889342207
0.060846361273219074
6.650304630727549
6.389912490574265
-0.13679010764598765
1.7365326220531756
8.6093746421102
6.426554724233337
5.5133879326547905
9.54002410466428
2.6230914028674692
9.087728999376122
5.532309850130758
-4.275343806380858
3.249654142652405
8.490494175318585
-0.803710680403853
-3.916393708806371
-3.7496008318003327
-2.0686085039355806
-4.767602340197192
6.886217302450387
4.792322502066543
1.6552073874698117
-6.1575409236500604
4.414438345995359
-5.589063795045554
-4.84942132428662
6.623455955326346
6.910780999269615
6.959199249329899
1.9463844679542521
4.6227846456875135
1.1124787970198504
-2.984375286100036
-8.696231158157676
-4.717248355244368
9.784810040289063
4.618546200178793
-1.8295806718541918
4.737536846851009
2.7798317253555602
-4.607171022405434
7.146686334137717
5.230560006016205
-7.864953042705465
-6.78265701475798
2.8153910340858843
-2.5802769554561795
1.5898178834475
1.5451107434710094
-7.590703978083764
-5.767502310253565
2.635612059808947
-2.7324799035446734
-7.5582655078760315
-3.297606840848541
2.8294492354999274
5.87631722717527
-2.977492582743098
2.862842896985395
-2.4231936120679056
8.120522746272535
-4.657835741521792
8.313750150179164
-5.955309475680339
6.469726603199984
-3.815691754531789
1.313217199689138
4.797854457305329
-3.735422283398238
-9.877450979598382
7.066870427416234
-9.60212395384538
-3.2006178475739735
-5.405635922351777
-7.068996751460144
2.762149581982168
8.379042005411861
3.469917051375159
-7.358805499997841
5.829886398320766
5.984488174785362
1.0346526877898228
-1.5281258228655332
7.557039405975122
4.380205894972429
0.4865016034283085
9.552187989048633
4.753882011603661
7.753206888412201
9.049458529559914
-9.949191500017678
4.083548456402835
-5.302709491369121
5.905584663380079
3.4657589811969167
-6.4623006239652465
2.2094902419593616
4.573306694955477
8.752640278326107
4.169828040854782
2.989859391354884
-0.32060745279394176
