-8.995734625215846
-19.426743531470148
11.322647593464378
-10.248344683668844
-5.829364739266275
18.89723662947655
-11.618482511133367
11.344134639816051
9.5180081391352
19.309214931363083
-25.787717643105214
7.629850235744401
14.231229345869572
1.1425169407254545
-5.446823120211717
-11.566713235741673
7.111817200309472
-12.056406030144043
-17.81618418261331
-16.169136675064816
13.439771323852943
-17.071475303017902
-10.455302909105429
20.202762476468163
-17.14808931871982
12.209489593442585
-8.264985417583201
26.43109684907581
1.995068337291234
17.13470624586489
7.399506614912503
-7.326887931644633
24.444003400174505
24.661835909746095
-1.2827239207974541
17.32733066733309
-21.617612616969463
7.784612088340945
4.323793932342971
5.182973633181943
17.15112907989321
-0.9173708697794138
5.501148565091906
4.727192357973242
-6.695216801802658
-7.814415362584242
24.907216671981598
15.257796057540443
20.85059225482569
12.37391683984444
-4.8834114142110545
-20.514677771181614
-6.3511821640713535
11.911215501909309
17.605930219705478
18.228421606978387
4.986629335991831
11.379132224900818
7.140855641321807
-5.370247036571722
-10.636465994667548
-3.48092513121105
-2.3296273124311453
-11.883921128337104
6.136592125528208
-0.8948571233671316
-8.296096072573867
-3.384725210656506
-12.53184101194774
14.915590444193429
10.119311392731987
-5.052024037568474
7.880542620995212
-8.208021871510704
12.895620965821243
-17.080946702678354
5.459634932840982
-17.19083110588319
-13.78054564205673
10.616994025154735
-11.358808339702488
4.173304378186694
-24.7792161264059
-12.949918529119762
-19.204405709950322
21.58757224069445
-9.166662767516769
10.825652887500164
-3.6868654887301133
7.316061425077214
-6.823243232560138
-0.7661906315119924
13.578223468404797
1.0695469982165386
-16.100001307785508
-4.501194011039047
18.70289959921461
0.8193607238295405
14.933978790874459
9.39025420194947
18.639950521443833
0.7004008362755543
-6.715975057690958
-7.7202364334976465
2.718363963631685
-0.9480267623149636
24.98828589088804
5.058308030543906
26.94258550673785
-22.54446607812266
-15.148990844655128
8.542103938792208
-11.126068253914905
-8.603323174056923
-4.895321621941935
11.88458137466952
1.9941346160594287
-1.5203603929504919
-10.873259990404744
20.473452924699384
2.4132605852496436
0.6971405244521351
-22.239363233707287
-8.889388111326909
18.38807510877894
26.066169118996584
-1.835765516845731
-10.308524846727764
25.34896625752614
-16.21139733121386
2.8822082166805534
-18.614832195574174
16.25217566609146
1.7888148326689226
14.932827837045556
-2.652055430303525
14.427942344468732
-5.500356840549205
-5.2390426778969195
9.595393569881919
19.39004972626877
13.87925606608199
1.8709007491085963
9.137104809703267
-7.659401809168344
-4.450411852898239
10.57270102195671
2.238500209192395
10.868377057591074
-2.2998001671818193
-15.5787399547321
11.934606806855285
-3.8091303421129954
-2.1488223562920377
-11.152117537981372
0.9910934206354842
-0.7214865061802382
18.691743352826148
1.104061691846332
-12.26054278697713
-5.5507085525498185
-0.7595582465199127
8.95265844420156
17.579362904256012
-3.103814440292645
15.641020662888636
6.694664659154631
-9.327852765032512
18.016545717809333
6.818219229451761
1.8371295298754782
-23.60180140929348
-8.951193391815721
-10.058549030724436
18.25288848628176
-4.913695835988674
-12.204329347362314
-11.886358687609727
-11.436157918989222
21.95498583687483
18.32156723503837
1.4995644323232993
-4.614216994228077
12.159951315037013
-9.204523038978014
6.041676390019012
-13.921299268816448
19.506736690649994
-5.522651341285339
9.794250060966434
-12.328187239990006
-5.910362975341628
-14.237947281644663
0.303420849862412
21.739242172841706
7.0956354950475795
19.67676183725226
-14.913926766949409
8.790866861950846
21.535781222759425
